
dtlz1.40.6.nsga2
-119997.152235 -119984.229008 -119996.086494 -119856.552587 -119973.382294 -119847.879373 -119973.454751 -119979.33309 -119987.651255 -119991.150763 -119949.580165 -119994.024851 -119620.462378 -119991.175446 -119962.22536 -119894.719287 -119995.567935 -119992.356811 -119813.943196 -119996.565652

dtlz5.40.8.nsga2
-159200.0 -159200.0 -159200.0 -159200.0 -159200.0 -159200.0 -159200.0 -159200.0 -159200.0 -159200.0 -159200.0 -159200.0 -159200.0 -159200.0 -159200.0 -159200.0 -159200.0 -159200.0 -159200.0 -159200.0

dtlz1.10.6.gacdom
-118572.163994 -118920.894142 -118863.438282 -119027.064972 -118728.060232 -118713.665873 -118979.557973 -119102.16793 -118856.707313 -118967.2896 -118510.06546 -118790.580814 -118734.518637 -118908.022709 -118816.217328 -118612.304273 -118845.882037 -118822.603181 -118896.624827 -118551.073647

dtlz3.40.6.nsga2
-119940.27507 -119678.965469 -119957.433349 -119875.797998 -119903.242107 -119950.773854 -119852.775814 -119956.918366 -119946.27247 -119946.199009 -119892.50996 -119952.500895 -119985.740611 -119854.618623 -119969.39236 -119966.422789 -119913.562374 -119978.423746 -119980.761039 -119934.669567

dtlz5.10.2.gacdom
-39800.0 -39800.0 -39800.0 -39800.0 -39800.0 -39800.0 -39800.0 -39800.0 -39800.0 -39800.0 -39800.0 -39800.0 -39800.0 -39800.0 -39800.0 -39800.0 -39800.0 -39600.0 -39800.0 -39800.0

dtlz7.10.4.nsga2
-77799.4002612 -77729.3628137 -78293.711165 -76733.6788577 -77438.7168953 -78495.3680735 -77125.0879745 -77835.2356528 -76231.7493476 -78516.8426121 -76892.3154824 -77877.2369209 -78893.260194 -78680.7537641 -77586.7316626 -77338.127156 -77950.9219211 -77603.7261535 -78634.9587976 -78452.414915

dtlz5.20.2.gacdom
-39800.0 -39800.0 -39800.0 -39800.0 -39800.0 -39800.0 -39800.0 -39800.0 -39800.0 -39800.0 -39800.0 -39800.0 -39800.0 -39800.0 -39800.0 -39800.0 -39800.0 -39800.0 -39800.0 -39800.0

dtlz3.40.4.gacdom
-79998.2597527 -79997.1993209 -79997.5363753 -79997.25914 -79995.1263942 -79987.7831922 -79996.1442946 -79994.9306572 -79998.8144497 -79998.9062919 -79999.0327379 -79999.8653519 -79997.5001053 -79999.2721269 -79999.1980012 -79988.7392945 -79995.9103182 -79996.6900143 -79998.3467812 -79994.8401147

dtlz5.20.6.nsga2
-119400.0 -119400.0 -119400.0 -119400.0 -118800.0 -119400.0 -119400.0 -119400.0 -119400.0 -119400.0 -119400.0 -119400.0 -119400.0 -119400.0 -119400.0 -119400.0 -119400.0 -119400.0 -119400.0 -119400.0

dtlz3.10.2.gacdom
-39545.4971195 -39363.3251482 -39495.769182 -39560.0971232 -39372.1332693 -39250.7384648 -39501.0010704 -39610.8624427 -39308.4473467 -39417.6493562 -39467.4244982 -39451.4706422 -39305.3294325 -39260.8699519 -39404.7039005 -39128.3226082 -39199.9600601 -39238.7163587 -39499.6764757 -39382.3617234

dtlz5.40.8.gacdom
-159200.0 -159200.0 -159200.0 -159200.0 -159200.0 -159200.0 -159200.0 -159200.0 -159200.0 -159200.0 -159200.0 -159200.0 -159200.0 -159200.0 -159200.0 -159200.0 -159200.0 -159200.0 -159200.0 -159200.0

dtlz3.20.6.gacdom
-119941.879672 -119905.49891 -119912.135771 -119961.980674 -119950.934582 -119957.713973 -119868.652083 -119933.497658 -119939.94875 -119924.537805 -119934.371852 -119961.602114 -119937.454209 -119916.807768 -119919.733355 -119941.719613 -119328.62529 -119894.826231 -119967.150344 -119873.881353

dtlz7.10.6.gacdom
-110754.414546 -111378.034739 -110420.236628 -111689.479451 -110885.98515 -111375.961925 -110894.17129 -111127.924049 -110626.540831 -110965.693777 -111751.559194 -110926.583803 -110377.525678 -111182.040244 -112070.183807 -111482.418563 -110413.616591 -110280.189211 -111330.346824 -111130.650049

dtlz3.20.2.nsga2
-39969.2269322 -39894.3413221 -39904.1916136 -39962.3972877 -39939.6929646 -39860.1325019 -39820.7805148 -39882.2181744 -39897.3672413 -39939.045318 -39950.6659878 -39846.2979168 -39949.4654582 -39936.8549198 -39932.1274425 -39945.9104383 -39934.3964315 -39899.7303258 -39969.6997055 -39916.1587043

dtlz7.40.4.gacdom
-74595.6948066 -74169.590699 -74075.0181659 -74590.5949729 -73959.5443163 -74541.9535315 -74145.0326318 -74229.8568142 -74577.3808677 -74402.4765033 -74511.4918124 -74504.2454787 -74340.3053528 -74089.4625213 -73849.3594659 -74516.7460789 -75085.1562247 -74178.0318071 -73518.0583479 -74474.9368836

dtlz5.10.6.nsga2
-119400.0 -119400.0 -119400.0 -119400.0 -119400.0 -119400.0 -119400.0 -119400.0 -119400.0 -119400.0 -119400.0 -119400.0 -119400.0 -119400.0 -119400.0 -119400.0 -119400.0 -119400.0 -118800.0 -119400.0

dtlz1.10.2.gacdom
-39869.2702712 -39726.0985389 -39839.8578118 -39728.736576 -39809.590235 -39790.1449974 -39726.403425 -39760.8751095 -39776.7183507 -39823.7877829 -39818.714595 -39847.7567462 -39763.6757304 -39856.1556803 -39731.5385833 -39753.1710074 -39753.0218853 -39826.4534369 -39793.763388 -39858.841227

dtlz3.40.8.nsga2
-159799.775269 -159885.462284 -159890.919854 -159838.882789 -159976.235549 -159779.306715 -159972.635503 -159972.088999 -159098.762897 -159720.856247 -159931.376775 -159990.919298 -159975.458631 -159979.175186 -159817.34558 -159946.078619 -159817.16554 -159984.891241 -159913.187611 -159969.80942

dtlz7.40.6.nsga2
-118525.946053 -118345.690519 -118620.979856 -118129.733932 -118148.40917 -119270.533761 -117872.349156 -118564.101693 -118659.145548 -118199.64485 -118382.912931 -118736.474085 -118049.277453 -118481.531421 -118149.220779 -118957.862578 -117958.262441 -118374.960107 -118114.786116 -119301.227207

dtlz1.10.2.nsga2
-39812.9228482 -39722.8639286 -39713.6092996 -39635.0914183 -39657.337519 -39599.6755013 -39749.3201988 -39392.1427912 -39630.7275489 -39706.5077725 -39696.3366213 -39774.5020805 -39646.1113335 -39788.2676475 -39636.1518795 -39788.3960232 -39715.1477667 -39799.0561223 -39655.0060192 -39811.842894

dtlz7.10.6.nsga2
-117947.875295 -118494.241977 -118337.388929 -118561.386202 -117689.395293 -118744.064446 -119509.234633 -118880.419145 -117836.695945 -118395.294935 -120096.307086 -118813.577074 -117731.301374 -118326.858112 -120243.030512 -118036.936149 -118160.525142 -117117.506679 -118878.618641 -118932.105321

dtlz7.10.2.gacdom
-32054.8700213 -31483.8874461 -31525.4057225 -31999.8467046 -31883.0993582 -32053.870798 -31476.9467123 -31481.0244309 -31978.7973621 -31859.7458556 -31724.0708087 -31754.0997956 -31395.3012129 -31946.0776121 -31667.488724 -31964.388975 -32091.5863561 -31797.9879882 -31804.5050422 -32041.211674

dtlz3.40.8.gacdom
-159996.711151 -159997.365693 -159996.076315 -159996.875502 -159996.546945 -159999.508766 -159999.433745 -159999.425266 -159903.035114 -159964.608499 -159998.46939 -159991.160841 -159998.417299 -159999.683439 -159992.149457 -159998.290138 -159983.47758 -159998.927162 -159998.355326 -159990.865772

dtlz7.20.8.gacdom
-151375.221948 -152376.390504 -152530.851387 -152480.578315 -153095.696582 -152176.180665 -152215.456645 -152021.370832 -151993.034827 -151973.632121 -151687.980502 -153181.788406 -152535.051588 -152215.791939 -152285.948167 -152197.376073 -153244.691523 -151477.931946 -153200.382584 -151998.470072

dtlz1.40.8.nsga2
-159609.357115 -159992.450781 -159996.943226 -159953.627233 -159997.995717 -159998.795785 -159993.495059 -159998.473667 -159995.968965 -159998.094762 -159992.263299 -159989.871259 -159993.875387 -159993.319483 -159998.556256 -159948.614864 -159968.497633 -159997.901723 -159986.125274 -159992.941362

dtlz5.20.4.nsga2
-79600.0 -79600.0 -79600.0 -79600.0 -79600.0 -79600.0 -79600.0 -79600.0 -79600.0 -79600.0 -79600.0 -79600.0 -79600.0 -79600.0 -79600.0 -79600.0 -79600.0 -79600.0 -79600.0 -79600.0

dtlz5.40.4.nsga2
-79600.0 -79600.0 -79600.0 -79600.0 -79600.0 -79600.0 -79600.0 -79600.0 -79600.0 -79600.0 -79600.0 -79600.0 -79600.0 -79600.0 -79600.0 -79600.0 -79600.0 -79600.0 -79600.0 -79600.0

dtlz5.20.8.gacdom
-159200.0 -159200.0 -159200.0 -159200.0 -159200.0 -159200.0 -159200.0 -159200.0 -159200.0 -159200.0 -159200.0 -159200.0 -159200.0 -159200.0 -159200.0 -159200.0 -159200.0 -159200.0 -159200.0 -159200.0

dtlz1.10.4.gacdom
-79650.1943207 -79645.8189255 -79583.2948841 -79541.5657447 -79542.1016549 -79568.5278738 -79695.1853297 -79645.984277 -79641.817127 -79528.808918 -79562.3718184 -79700.545859 -79750.1155894 -79543.1406229 -79338.5493082 -79747.326832 -79580.5892222 -79680.6416639 -79757.301747 -79620.8681051

dtlz1.10.8.nsga2
-154381.222585 -154175.126002 -154861.648762 -154164.540254 -154587.500339 -154521.531836 -154701.225437 -153964.677709 -154577.871978 -154948.803062 -154050.428596 -154339.687268 -154316.287659 -154409.541096 -154138.114682 -154278.09041 -154078.780123 -154710.311986 -154078.572089 -154733.296454

dtlz5.10.4.nsga2
-79600.0 -79600.0 -79600.0 -79600.0 -79600.0 -79600.0 -79600.0 -79600.0 -79600.0 -79600.0 -79600.0 -79600.0 -79600.0 -79200.0 -79600.0 -79600.0 -79600.0 -79600.0 -79600.0 -79600.0

dtlz1.20.8.nsga2
-159590.604625 -159719.175996 -159822.345613 -159855.723089 -159761.440071 -159831.227067 -159662.324922 -159705.333717 -159687.639678 -159857.206948 -159783.70007 -159392.762713 -159798.155384 -159800.902201 -159743.262185 -159719.481451 -159800.225754 -158927.816605 -159198.733854 -159637.977895

dtlz5.40.2.gacdom
-39800.0 -39800.0 -39800.0 -39800.0 -39800.0 -39800.0 -39800.0 -39800.0 -39800.0 -39800.0 -39800.0 -39800.0 -39800.0 -39800.0 -39800.0 -39800.0 -39800.0 -39800.0 -39800.0 -39800.0

dtlz3.10.6.nsga2
-117515.258743 -117764.725223 -117611.459029 -118042.565095 -117903.612147 -117776.465389 -117629.40989 -118025.557618 -117119.846581 -117297.871863 -117981.506453 -117394.555377 -117582.162674 -118226.848785 -118482.20929 -117807.055617 -118098.557959 -117114.879021 -117867.111442 -117843.198564

dtlz1.40.6.gacdom
-119993.465077 -119998.400196 -119992.854531 -119998.338084 -119873.505631 -119993.714858 -119696.430175 -119999.051275 -119989.667753 -119998.869456 -119988.822035 -119986.797841 -119998.769735 -119999.046631 -119988.313027 -119981.342519 -119999.08803 -119984.639155 -119959.130898 -119993.687757

dtlz1.10.4.nsga2
-79477.4287445 -79387.130652 -79278.2286443 -79307.1059872 -79273.3586818 -79309.7819696 -79278.6462795 -79309.8698706 -79331.1480437 -79351.9771328 -79188.6374118 -79353.4185275 -79513.4667846 -79240.061088 -79528.3823337 -79438.4408531 -79543.7075734 -79394.052331 -79575.25776 -79462.7495585

dtlz1.40.2.gacdom
-39992.3580608 -39998.6226543 -39982.259488 -39997.1499337 -39962.7599668 -39990.8590786 -39999.0212923 -39978.9988692 -39855.6828893 -39997.1884574 -39974.8267277 -39924.7112858 -39997.1419513 -39854.2916829 -39993.0682613 -39997.7508011 -39985.6106556 -39991.9887417 -39997.0379444 -39992.6561404

dtlz7.40.4.nsga2
-79110.7771716 -78697.2784819 -79706.9651923 -78680.1554252 -78629.820967 -78436.6862493 -78969.661427 -79305.5722627 -78938.6969113 -79174.1104345 -78625.4884004 -79004.8613004 -78937.5577327 -78629.6407781 -79220.2369013 -78490.891649 -78809.5657061 -78321.2841297 -78854.5352503 -78862.5945516

dtlz3.40.6.gacdom
-119975.384925 -119932.402889 -119991.467499 -119986.958092 -119984.627803 -119969.317199 -119959.531802 -119975.324207 -119975.91019 -119996.901668 -119983.802095 -119986.646428 -119997.818301 -119957.093706 -119981.828851 -119997.22499 -119980.012857 -119987.965513 -119997.333465 -119997.397714

dtlz7.20.2.nsga2
-39585.6714909 -39820.529766 -39083.3107498 -39284.9741062 -39521.4237411 -39455.9102449 -39377.3428268 -39508.7123024 -39696.0698189 -39513.3845981 -39296.5643167 -39418.4957543 -39738.4176664 -39490.5459873 -39118.2265534 -39627.0226641 -39546.0191532 -39363.7222869 -39487.2655959 -39613.4503838

dtlz3.10.8.gacdom
-158065.618551 -158571.415494 -158762.668002 -158515.789353 -158227.178453 -158774.099465 -158743.117807 -158501.495733 -158505.408961 -157937.5233 -158538.049027 -158615.70651 -158344.24117 -158600.217689 -158834.561759 -158265.611357 -158531.673775 -158288.878215 -158441.673081 -158654.550263

dtlz1.20.8.gacdom
-159952.472391 -159970.02689 -159911.737418 -159975.461076 -159969.103488 -159963.531651 -159943.459268 -159957.553891 -159947.563019 -159962.358367 -159954.172818 -159933.327757 -159955.609216 -159958.379465 -159942.02643 -159951.291532 -159954.315728 -159749.829786 -159873.752272 -159908.464165

dtlz7.20.6.gacdom
-113028.823121 -113455.332473 -112379.700629 -112350.83425 -112564.906459 -113433.22866 -113490.717117 -112923.068034 -112901.930641 -112845.88851 -113123.895354 -113296.68446 -112716.28095 -113951.769997 -113058.966213 -112366.254667 -113116.654328 -112802.623875 -113027.273434 -112803.231493

dtlz7.10.8.gacdom
-150293.673866 -150503.133911 -150574.567692 -150778.002252 -150740.564078 -150477.071581 -150757.429946 -150196.654145 -150294.792836 -150485.498372 -151143.335337 -150298.309763 -150938.329532 -150631.478753 -150679.269805 -150753.345347 -150925.019252 -151261.353761 -151004.324774 -150398.277242

dtlz3.10.8.nsga2
-157136.973824 -157679.684117 -158104.868207 -157548.894619 -157443.830255 -157947.440095 -158209.277137 -157654.029999 -157325.625746 -157998.131974 -157857.588882 -157825.313773 -157257.87019 -157781.873933 -158245.391098 -157644.666885 -157996.255546 -157431.819371 -157795.116815 -157624.898038

dtlz5.20.8.nsga2
-159200.0 -159200.0 -159200.0 -159200.0 -159200.0 -159200.0 -159200.0 -159200.0 -159200.0 -159200.0 -159200.0 -159200.0 -159200.0 -159200.0 -159200.0 -159200.0 -159200.0 -159200.0 -159200.0 -159200.0

dtlz3.40.2.gacdom
-39992.0925887 -39949.6134427 -39996.3395498 -39955.0151482 -39997.7490564 -39994.8308976 -39988.497228 -39998.1730474 -39989.0535765 -39996.1325303 -39997.7792418 -39978.9272344 -39994.152371 -39996.1006028 -39831.8655614 -39996.8674111 -39909.7782581 -39998.0914265 -39993.1952548 -39998.6342294

dtlz3.20.8.nsga2
-159509.200874 -159640.482745 -159534.884472 -159511.012238 -159419.202541 -159112.881504 -159493.509376 -159604.785003 -159373.067633 -159229.660667 -159310.649757 -159591.522241 -159341.408865 -159413.069667 -159688.220554 -159377.905251 -159302.68655 -159531.828966 -159564.776996 -158923.254407

dtlz7.20.4.nsga2
-79091.2249348 -78606.835465 -78529.9604635 -78924.3635842 -78526.7110755 -80321.2689989 -78974.1112632 -78569.9469598 -79265.3596689 -78650.8917011 -78545.1004408 -79538.8243077 -78879.7007715 -78725.9620942 -78784.6589901 -79337.5786647 -78878.833003 -78805.502633 -78959.5347485 -79429.1217208

dtlz3.40.2.nsga2
-39991.5617844 -39916.3014875 -39997.0067073 -39992.57222 -39986.3443287 -39994.3531549 -39983.257672 -39998.0151088 -39979.2155561 -39989.0354069 -39998.4715375 -39952.3052033 -39992.990542 -39996.2540114 -39997.3528346 -39997.0727554 -39883.718055 -39995.109733 -39986.0659092 -39998.3621395

dtlz1.40.2.nsga2
-39936.6903045 -39944.8020018 -39996.1809492 -39955.4152229 -39986.5135802 -39952.7166323 -39996.3198281 -39817.7649461 -39854.53028 -39983.4349558 -39923.3737135 -39819.2796471 -39989.1056398 -39827.8164435 -39995.0910524 -39992.3438187 -39996.9390973 -39965.8842604 -39992.9159412 -39979.0567803

dtlz7.40.8.gacdom
-152540.541124 -152427.565224 -152954.197976 -152161.259896 -152043.938649 -151310.180965 -152722.864666 -153402.422633 -152217.864162 -152385.829117 -152476.928927 -152351.010334 -152276.902442 -152559.384621 -152450.365522 -152461.698029 -152159.669911 -152410.794818 -152270.761668 -153167.006154

dtlz3.20.8.gacdom
-159726.955131 -159780.211241 -159747.383323 -159675.777583 -159685.610025 -159554.541121 -159755.861937 -159776.736262 -159669.847827 -159576.843604 -159562.049595 -159796.494877 -159662.695869 -159695.384051 -159647.547474 -159613.721787 -159613.243764 -159711.423512 -159788.683518 -159229.88035

dtlz1.10.8.gacdom
-156201.732224 -156102.510088 -156296.073551 -155829.835047 -155860.807976 -154711.413694 -156350.859745 -155960.451519 -156425.057797 -156453.413252 -155428.183565 -156280.408417 -155839.675256 -156325.705848 -155708.863107 -156219.948115 -155879.147051 -156340.388342 -155829.526168 -156287.469162

dtlz3.10.4.gacdom
-79106.2214915 -79043.937799 -78807.2330425 -79055.9967847 -79004.9655543 -79179.0772772 -79081.0715175 -78667.5238194 -78627.8892203 -78696.8054038 -78867.0705492 -78728.8502582 -79195.5296466 -78722.424646 -79101.1296097 -78848.0882989 -79077.0948112 -78807.2842639 -78926.5545038 -78611.2925783

dtlz5.20.4.gacdom
-79600.0 -79600.0 -79600.0 -79600.0 -79600.0 -79600.0 -79600.0 -79600.0 -79600.0 -79600.0 -79600.0 -79600.0 -79600.0 -79600.0 -79600.0 -79600.0 -79600.0 -79600.0 -79600.0 -79600.0

dtlz3.10.6.gacdom
-117707.235534 -117766.429392 -117814.781194 -117999.822087 -117872.461216 -117296.280021 -117791.819685 -118038.46534 -117380.599017 -117405.409422 -117607.405403 -118242.112479 -118111.167004 -118301.855817 -118739.210507 -117919.719488 -118167.255692 -118241.874219 -117682.48048 -118020.857208

dtlz7.40.2.gacdom
-37407.8203972 -37575.5099843 -38885.4494822 -37714.8674078 -37382.3700473 -37605.0940124 -37308.2416493 -37490.3943489 -37444.0440024 -37471.16283 -37530.8662056 -37435.8379007 -37857.2049227 -38954.660887 -37324.4823326 -37276.0586776 -37250.0761589 -37394.9840241 -37440.133302 -37505.2439589

dtlz5.40.6.nsga2
-119400.0 -119400.0 -119400.0 -119400.0 -119400.0 -119400.0 -119400.0 -119400.0 -119400.0 -119400.0 -119400.0 -119400.0 -119400.0 -119400.0 -119400.0 -119400.0 -119400.0 -119400.0 -119400.0 -119400.0

dtlz1.20.4.nsga2
-79910.9958019 -79945.2822414 -79948.0761682 -79948.2829653 -79841.536854 -79857.7648125 -79968.5842289 -79950.035077 -79934.6770328 -79961.1992965 -79961.4976152 -79960.1605755 -79812.2992737 -79969.3899635 -79968.6178998 -79957.2382663 -79953.8317181 -79969.2291403 -79932.4426806 -79955.509824

dtlz7.20.4.gacdom
-74183.7069941 -74784.7239987 -74295.8511629 -74967.7169519 -74575.0297865 -74570.1903643 -74207.2954455 -74733.7428325 -73888.7284336 -74117.66816 -74192.934734 -74631.9964109 -74917.4687126 -74535.0372973 -74677.2890146 -74429.6579643 -74108.1846918 -74789.9684838 -74015.1534165 -74763.1717304

dtlz5.10.8.gacdom
-155480.194506 -155488.033127 -155496.024453 -154884.841514 -155133.260444 -155593.403825 -155438.035086 -155429.630161 -155207.432558 -155464.904816 -155545.879078 -155459.43516 -155714.91416 -155532.610574 -155312.794795 -155327.962374 -155681.102717 -155490.255474 -155308.145769 -155869.472619

dtlz7.10.8.nsga2
-155828.922833 -156610.707777 -156919.001696 -156565.659907 -154819.019814 -157659.819258 -159313.603619 -162290.503139 -156333.217486 -154442.024609 -157699.967021 -156886.960795 -162283.280005 -156616.426917 -156843.716808 -157637.747008 -163383.35859 -161494.47085 -157849.670021 -158947.110114

dtlz7.20.6.nsga2
-118283.939888 -118449.657535 -118679.129712 -118766.415253 -118918.973427 -118507.504559 -119095.830379 -118580.459866 -118098.53987 -119109.226731 -118155.44952 -117765.448087 -118715.88058 -118977.155552 -118944.128732 -118905.331152 -118555.118558 -118828.438625 -118171.268238 -119666.035263

dtlz1.40.4.gacdom
-79996.5810478 -79992.2791495 -79947.5842734 -79986.465126 -79989.7939812 -79998.7250307 -79960.3423772 -79983.9356695 -79999.3095764 -79995.4285295 -79998.291824 -79999.4039274 -79998.6335383 -79987.8823496 -79957.2410743 -79897.0249024 -79996.107652 -79996.6514304 -79952.1338127 -79990.9989919

dtlz1.20.2.nsga2
-39978.0143982 -39894.6006189 -39763.9392008 -39947.4763177 -39982.1176984 -39982.2765887 -39936.4708067 -39960.1030438 -39914.1368492 -39982.6671895 -39967.0748081 -39859.7614042 -39965.0768702 -39964.6397815 -39960.6363431 -39949.0804484 -39964.6021604 -39932.4543942 -39942.5922904 -39953.8695178

dtlz5.20.2.nsga2
-39800.0 -39800.0 -39800.0 -39800.0 -39800.0 -39800.0 -39800.0 -39800.0 -39800.0 -39800.0 -39800.0 -39800.0 -39800.0 -39800.0 -39800.0 -39800.0 -39800.0 -39800.0 -39800.0 -39800.0

dtlz5.40.2.nsga2
-39800.0 -39800.0 -39800.0 -39800.0 -39800.0 -39800.0 -39800.0 -39800.0 -39800.0 -39800.0 -39800.0 -39800.0 -39800.0 -39800.0 -39800.0 -39800.0 -39800.0 -39800.0 -39800.0 -39800.0

dtlz1.20.4.gacdom
-79956.6553813 -79959.0308503 -79966.5664806 -79915.3997152 -79879.8632753 -79884.5062653 -79934.2484618 -79977.1283506 -79962.9486881 -79987.4963264 -79974.6801906 -79983.0848885 -79948.6872557 -79969.2407557 -79950.7124179 -79976.6022317 -79919.1928468 -79582.9823617 -79986.6821784 -79947.0145456

dtlz5.10.8.nsga2
-154806.26681 -154826.75376 -154598.823865 -154836.442252 -154441.648988 -154852.402686 -154867.747983 -154573.102155 -154788.885644 -154533.233905 -154156.040641 -153767.887092 -154835.431577 -154699.815974 -154068.782661 -154754.923788 -154926.871275 -153947.489422 -154675.194964 -155153.586385

dtlz5.40.4.gacdom
-79600.0 -79600.0 -79600.0 -79600.0 -79600.0 -79600.0 -79600.0 -79600.0 -79600.0 -79600.0 -79600.0 -79600.0 -79600.0 -79600.0 -79600.0 -79600.0 -79600.0 -79600.0 -79600.0 -79600.0

dtlz5.40.6.gacdom
-119400.0 -119400.0 -119400.0 -119400.0 -119400.0 -119400.0 -119400.0 -119400.0 -119400.0 -119400.0 -119400.0 -119400.0 -119400.0 -119400.0 -119400.0 -119400.0 -119400.0 -119400.0 -119400.0 -119400.0

dtlz3.20.4.gacdom
-79904.5567892 -79873.0183552 -79849.2814359 -79725.6656305 -79898.0535663 -79809.8559627 -79894.8607141 -79654.9846629 -79520.4905456 -79802.9060136 -79808.6778423 -79566.7956895 -79747.4269635 -79717.8726792 -79855.8865395 -79790.3433737 -79854.4031564 -79846.1046805 -79858.5710635 -79820.7899875

dtlz3.20.2.gacdom
-39962.9033789 -39920.6742828 -39905.3826661 -39956.3859856 -39956.3917938 -39883.313498 -39879.7237014 -39939.1647475 -39949.271684 -39967.3705663 -39931.9620651 -39899.9770129 -39969.7489505 -39939.9173992 -39971.401866 -39915.6096233 -39966.2216886 -39935.5926213 -39983.3557183 -39932.8924495

dtlz5.10.2.nsga2
-39800.0 -39800.0 -39800.0 -39800.0 -39800.0 -39800.0 -39800.0 -39800.0 -39800.0 -39800.0 -39800.0 -39800.0 -39800.0 -39800.0 -39800.0 -39800.0 -39800.0 -39800.0 -39800.0 -39800.0

dtlz7.20.8.nsga2
-158530.117598 -157491.651186 -159328.940194 -157741.102587 -157807.709097 -158717.725396 -158264.874531 -158808.612048 -158583.087536 -158489.385288 -158603.93891 -157951.320599 -157236.73699 -158739.132478 -158373.027873 -157975.066094 -158521.923252 -158577.510258 -159922.452845 -158783.278476

dtlz3.20.6.nsga2
-119935.897881 -119917.4389 -119924.652905 -119954.604851 -119947.605495 -119958.193937 -119932.775512 -119958.4111 -119949.870426 -119915.242737 -119927.16182 -119962.354494 -119937.971451 -119928.225902 -119875.258594 -119952.929089 -119900.260528 -119913.024921 -119948.21852 -119840.103896

dtlz3.10.4.nsga2
-78973.7947153 -78998.9717635 -78477.5258113 -79015.1252345 -79079.1944849 -79015.824413 -78761.0542286 -79077.5016178 -78544.9473024 -78478.393578 -78899.2885966 -78779.2806214 -79136.7099461 -78541.535086 -79117.7172971 -78754.4199767 -79052.0976025 -78840.2412393 -78662.7301547 -78893.929163

dtlz7.10.4.gacdom
-70924.8146669 -71255.3752552 -71777.3581578 -70819.3455674 -70716.892737 -71584.115008 -71126.6410095 -71320.5697618 -71251.1258995 -71243.4178541 -71701.9048626 -71367.0629049 -71481.0154398 -71563.7706289 -70376.4412753 -71577.6416776 -71725.3362854 -71660.2638996 -71918.3362055 -71133.0056517

dtlz1.40.4.nsga2
-79994.2978698 -79996.8032646 -79984.8840238 -79987.3341835 -79990.7248754 -79998.7598586 -79938.6394323 -79973.5466234 -79998.2836438 -79995.7817124 -79938.849912 -79998.9178161 -79988.9968191 -79991.9376714 -79933.8087315 -79805.4935249 -79972.0270715 -79996.3991569 -79998.5191681 -79999.3014338

dtlz1.20.6.gacdom
-119940.580948 -119880.304044 -119963.869035 -119918.216308 -119968.540637 -119981.088345 -119953.485423 -119933.114545 -119867.678589 -119912.591444 -119972.295264 -119940.314682 -119975.453416 -119890.039752 -119914.429598 -119932.083226 -119967.407794 -119971.712341 -119936.137457 -119955.919439

dtlz3.20.4.nsga2
-79823.7052734 -79803.0002489 -79813.543379 -79707.9105464 -79795.1914819 -79685.0811711 -79847.6358841 -79797.4536435 -79472.4434679 -79749.1605454 -79804.5457336 -79758.6117677 -79787.7148672 -79611.7749817 -79795.3662055 -79717.2818314 -79829.1678933 -79786.3544681 -79821.5395657 -79790.3712815

dtlz7.40.8.nsga2
-158428.328683 -158906.510246 -158908.138424 -157467.866144 -158046.071034 -158419.197351 -157494.703855 -158382.383682 -158925.86304 -157831.226985 -157908.147909 -158892.511738 -160018.149082 -158504.604967 -158006.574664 -157726.702526 -157994.795752 -158117.172812 -157976.806605 -158416.543502

dtlz1.40.8.gacdom
-159884.065076 -159998.683405 -159999.465597 -159989.579851 -159999.146373 -159999.298574 -159990.060695 -159998.630449 -159983.05497 -159965.946954 -159996.908339 -159998.166921 -159986.209388 -159995.204219 -159993.956054 -159989.474515 -159997.533854 -159991.345431 -159997.362058 -159998.569647

dtlz1.20.6.nsga2
-119760.653395 -119741.464342 -119882.024649 -119753.187052 -119873.683241 -119918.527803 -119915.06091 -119862.350299 -119687.420541 -119790.890416 -119914.508456 -119724.877751 -119519.729936 -119736.640555 -119819.305884 -119663.249209 -119675.416663 -119914.280562 -119737.293841 -119839.526852

dtlz1.10.6.nsga2
-118470.375948 -118581.34325 -118562.786014 -118509.181486 -118374.918156 -118423.093372 -118775.710804 -118678.104889 -118641.906639 -118707.742488 -118310.051487 -118610.388255 -118136.467092 -118584.4419 -118787.593239 -118217.938284 -118406.180584 -118810.240055 -118539.484141 -118004.635254

dtlz3.40.4.nsga2
-79987.0913125 -79972.0078566 -79614.8518908 -79878.3522333 -79980.173453 -79770.4929757 -79973.0185089 -79981.3070904 -79959.4512494 -79971.4499703 -79983.3638243 -79982.1697639 -79950.5962086 -79974.1855438 -79838.1009068 -79991.8185559 -79968.1398072 -79920.8016445 -79941.3577837 -79929.5732971

dtlz7.10.2.nsga2
-36204.1025191 -35305.1905105 -35789.7243505 -36362.4037093 -35672.2436448 -36537.4702165 -35016.0808256 -35828.5195 -35226.4559334 -35495.1392934 -35329.7987732 -35435.0248613 -35216.1267172 -36939.4734292 -36060.8771097 -35796.8082878 -35850.1320851 -35661.781991 -36006.2231094 -36896.1692617

dtlz7.40.2.nsga2
-39564.1413204 -39651.6536285 -39583.1519237 -39621.0972409 -39602.7474744 -39989.6557409 -39126.6375888 -39484.2296658 -39502.3425319 -39717.672298 -39524.4500766 -39488.3553954 -39462.6349322 -39373.0752496 -39315.8502923 -39265.5405264 -39491.4903228 -39082.359968 -39446.0089315 -39702.6619886

dtlz5.10.6.gacdom
-119400.0 -119400.0 -119400.0 -119400.0 -119400.0 -119400.0 -119400.0 -119400.0 -119400.0 -119400.0 -119400.0 -119400.0 -119400.0 -119400.0 -119400.0 -119400.0 -119400.0 -119400.0 -119400.0 -119400.0

dtlz7.20.2.gacdom
-37352.5538589 -37470.9842765 -37474.9918762 -37380.1800295 -37372.8324648 -37356.5991268 -37437.7360464 -37490.4198336 -37579.2370893 -37447.502783 -37388.3418914 -37397.7441564 -37303.4729776 -37205.1840314 -37355.4477682 -37617.2144285 -37200.6916301 -37248.3646007 -37231.4564974 -37378.5200966

dtlz5.10.4.gacdom
-79600.0 -79600.0 -79600.0 -79600.0 -79600.0 -79600.0 -79600.0 -79600.0 -79600.0 -79600.0 -79600.0 -79600.0 -79600.0 -79200.0 -79600.0 -79600.0 -79600.0 -79600.0 -79600.0 -79600.0

dtlz1.20.2.gacdom
-39980.6274389 -39854.5754847 -39965.5305316 -39987.3220363 -39977.8567603 -39984.731728 -39912.1454963 -39883.8367048 -39934.4178381 -39977.5381994 -39948.6416578 -39857.4369292 -39959.3970506 -39923.4050621 -39961.2723603 -39947.2497864 -39981.4502064 -39951.6214517 -39957.9484191 -39962.8191574

dtlz7.40.6.gacdom
-112898.443098 -112932.169777 -112805.837497 -112932.541854 -113100.908414 -113127.770532 -112366.646841 -113531.053529 -112754.1885 -113443.319461 -113414.648829 -113475.228242 -113078.923549 -113433.298621 -113160.981636 -112433.830603 -113017.434991 -112223.271789 -113013.244525 -112983.400914

dtlz5.20.6.gacdom
-119400.0 -119400.0 -119400.0 -119400.0 -119400.0 -119400.0 -119400.0 -119400.0 -119400.0 -119400.0 -119400.0 -119400.0 -119400.0 -119400.0 -119400.0 -119400.0 -119400.0 -119400.0 -119400.0 -119400.0

dtlz3.10.2.nsga2
-39300.9644604 -39141.1853829 -39266.660144 -39223.6087161 -39152.3210273 -38947.022197 -38908.617428 -39317.7387201 -38890.1178677 -39186.6388996 -39030.3775213 -39354.493011 -39019.5033548 -38965.2929473 -38919.6809265 -38525.8870035 -38739.7558176 -38778.3097034 -38916.8679437 -38972.915766
